0 0.4377434266315512 0.4609515918019216 0.09999406797680914 0.06837324997178934 0.47881254545917057 0.4536995129294579 2
0 0.22641509433962265 0.22761305780173705 0.0889487870619946 0.06229410002994907 0.2609793985680142 0.22789133040363965 2
0 0.17587601078167114 0.16651692123390238 0.044474393530997254 0.05031446540880502 0.0 0.0 0
0 0.11388140161725067 0.2192273135669362 0.06603773584905662 0.05989817310572029 0.09442722710932577 0.2155597811786232 2
0 0.45822102425876005 0.22521713087750822 0.037735849056603786 0.0431266846361186 0.4648644007237271 0.21948315347680594 2
0 0.7836927223719676 0.3462114405510632 0.05525606469002696 0.06469002695417793 0.0 0.0 0
1 0.455442378847938 0.16135995131698574 0.031432241223075356 0.05309700268046945 0.0 0.0 0
1 0.23180592991913748 0.16651692123390235 0.07277628032345017 0.05031446540880504 0.0 0.0 0
1 0.17924528301886794 0.11141060197663973 0.0431266846361186 0.04552261156034742 0.0 0.0 0
1 0.11522911051212938 0.16292303084755916 0.055256064690026946 0.04791853848457624 0.0 0.0 0
1 0.0628904075278841 0.16531895777178798 0.03099730458221025 0.04791853848457622 0.0 0.0 0