0 0.26834880094048713 0.25114320521489536 0.06769490646318337 0.05635241923598762 0.29511008070912 0.26168931430567227 2
1 0.09362012192457678 0.24023224861571116 0.06880587669890105 0.04945622175054456 0.0 0.0 0
0 0.47799954189366295 0.2817318479605845 0.06541881241055914 0.047918538484576334 0.5039724850240557 0.28045236717557187 2
0 0.5963611859838276 0.3605870020964361 0.0660377358490566 0.06948188080263556 0.6061817467100882 0.36636739873774404 2
0 0.667099180522459 0.26214969974933733 0.06202805404942093 0.036466415917536486 0.6419549616376594 0.2652514118743625 2
0 0.7739140064671686 0.35874546372326344 0.04378488624970085 0.06358124985206574 0.7701438349897066 0.3632446839479275 2
1 0.2823450134770889 0.15813117699910154 0.06334231805929917 0.06708595387840671 0.0 0.0 0
1 0.10040431266846361 0.15573525007487274 0.07412398921832886 0.05271039233303385 0.0 0.0 0
1 0.4710242587601078 0.17849655585504642 0.08490566037735853 0.06469002695417793 0.0 0.0 0
1 0.6644204851752021 0.215633423180593 0.06199460916442043 0.04791853848457624 0.0 0.0 0
1 0.9629380053908356 0.2755315962863133 0.044474393530997386 0.09104522312069477 0.0 0.0 0