0 0.33557951482479786 0.2958969751422582 0.11320754716981135 0.07906558849955075 0.35182988826948297 0.2993770172986336 2
0 0.52088948787062 0.3330338424678047 0.07951482479784368 0.07187780772686427 0.5210564870914225 0.32489333201382226 2
0 0.6708472272284202 0.2439759493639038 0.03507420526220021 0.06708595387840648 0.0 0.0 0
0 0.8042374566019367 0.2882412861600692 0.06091133280120457 0.062119822905433546 0.8301196168297128 0.2766216815218932 2
0 0.24056603773584906 0.20844564240790656 0.06334231805929924 0.0718778077268643 0.21450130070958856 0.18845385229108708 2
1 0.07749326145552561 0.2851153039832285 0.07142857142857144 0.062294100029949104 0.0 0.0 0
1 0.0774932614555256 0.1940700808625337 0.0876010781671159 0.057502246181491475 0.0 0.0 0
1 0.07142857142857142 0.13656783468104222 0.048517520215633415 0.06708595387840668 0.0 0.0 0
1 0.32884097035040427 0.14375561545372867 0.06738544474393528 0.04791853848457622 0.0 0.0 0
1 0.2412398921832884 0.14375561545372867 0.07547169811320753 0.06229410002994907 0.0 0.0 0
1 0.9537068383178403 0.273992166171082 0.030896805372031794 0.04616260282535265 0.0 0.0 0