0 0.1928518019112956 0.20975295027019217 0.03632663393662892 0.04842559572552994 0.0 0.0 0
0 0.30093293491745754 0.27018440312356096 0.053908355795148244 0.07427373465109309 0.31271890842031186 0.25876297117708086 2
0 0.36455525606468775 0.26997598398247136 0.05795148247978401 0.06555843696763937 0.3806926252751721 0.2695387054838669 2
0 0.4380141774391647 0.2535116571760311 0.04582210242587607 0.07906558849955075 0.0 0.0 0
0 0.578167115902965 0.3533992213237496 0.07277628032345021 0.05989817310572029 0.0 0.0 0
1 0.578167115902965 0.13536987121892782 0.07277628032345021 0.04073075771188977 0.0 0.0 0
1 0.45889487870619944 0.14495357891584307 0.06873315363881403 0.05989817310572025 0.0 0.0 0
1 0.3194070080862534 0.1521413596885295 0.05660377358490564 0.06469002695417787 0.0 0.0 0
1 0.14555256064690028 0.21563342318059298 0.04851752021563342 0.08625336927223717 0.0 0.0 0
1 0.06239879292933807 0.2435663028352907 0.034364552627751406 0.05948483963634168 0.0 0.0 0
1 0.06601611425857508 0.14348707939306732 0.04159919528622541 0.06189638718916633 0.0 0.0 0
1 0.19959946193818462 0.16666153663552855 0.030543452973435095 0.03475166204977505 0.0 0.0 0