0 0.2479784366576819 0.2803234501347709 0.05660377358490564 0.062294100029949034 0.0 0.0 0
0 0.1752021563342318 0.1976639712488769 0.0673854447439353 0.07906558849955077 0.0 0.0 0
0 0.2654986522911051 0.20365378855944896 0.04582210242587596 0.05271039233303387 0.0 0.0 0
0 0.40700808625336926 0.2575621443545972 0.0619946091644205 0.06469002695417789 0.0 0.0 0
0 0.5175202156334232 0.3438155136268344 0.045822102425876 0.06469002695417789 0.0 0.0 0
1 0.07614555256064691 0.19407008086253372 0.07412398921832886 0.07187780772686436 0.0 0.0 0
1 0.16442048517520214 0.11740041928721175 0.061994609164420476 0.05271039233303384 0.0 0.0 0
1 0.25067385444743934 0.14016172506738547 0.045822102425876 0.0646900269541779 0.0 0.0 0
1 0.42587601078167114 0.19047619047619047 0.051212938005390854 0.040730757711889824 0.0 0.0 0
1 0.11185983827493262 0.27672955974842767 0.035040431266846354 0.05510631925726262 0.0 0.0 0
1 0.05929919137466307 0.14615154237795747 0.029649595687331543 0.0239592692422881 0.0 0.0 0